V1,V2,V3,V4,V5,V6,V7,V8,V9,V10,V11,V12,V13,V14,V15,V16,V17,V18,V19,V20,V21,V22,V23,V24,V25,V26,V27,V28,V29,V30,V31,V32,V33,V34,V35,V36,V37,V38,V39,V40,V41,V42,V43,V44,V45,V46,V47,V48,V49,V50
0.000261529045635038,0.000282470771835012,0.000276296122616844,0.000361027943832347,0.000305700229847333,0.000316932144697503,0.000213893780008541,0.000240343899685931,0.000226267456762973,0.000314735313384713,0.000349198084242693,0.000203881791898223,0.000277077558415071,0.000274478195527145,0.000271522939358522,0.000360539035190471,0.000478328009770779,0.000407201227951799,0.000453718349234026,0.000511912487368942,0.000659074649434112,0.000553352332530261,0.0005741906429564,0.000598089987283775,0.000576225926993137,0.000576905670724494,0.000610797729862412,0.000604479606232989,0.000508466789618824,0.000508153988740358,0.000433698209973947,0.000373820549162567,0.000357529560575685,0.000295306520626695,0.000429729456566169,0.000399527833398095,0.000453250427347205,0.000378187992984059,0.000427573764478742,0.000441450260096328,0.000471476369134445,0.000467542971761209,0.000498288441797265,0.000375072200877827,0.00024079345520397,0.000218125770808914,8.96358613113765e-05,2.13963884633593e-05,8.63286223944441e-05,4.35197749499469e-05
0.000348279453136874,0.000314814171397832,0.000335247101076611,0.000228721063441893,0.000317322116117526,0.000302190433225977,0.000155178401290239,0.000217732839766588,0.000236463616539607,0.000276876257874624,0.000320205350130357,0.000271798020502629,0.000277085909751601,0.000273740694745243,0.000264466870856557,0.000275256351132434,0.000280708454104955,0.000365418423812873,0.000407578650224746,0.000635384139974612,0.000651796210894117,0.000598758242560538,0.000558657746583788,0.000682032681134228,0.000565121486495696,0.000578246189672032,0.000642541856759132,0.000518822207113955,0.00047210204288745,0.000455380390635097,0.00050986487140085,0.000358505360567602,0.000317552002929845,0.000258866324636082,0.000269530711594911,0.000336832599637339,0.000326334992073973,0.00029790473905727,0.000480864322108239,0.000439701397536736,0.000424773829520148,0.000487797675745917,0.000392265770156798,0.00040482505652774,0.000234881280001912,0.000238123642424603,0.000169617405684501,0.000137320469014503,0.000161946887389329,0.000185148386041348
0.00031087810211784,0.00033699603387245,0.000327555712446797,0.000378542300606,0.000327614961625589,0.000255936093215542,0.000262848853550195,0.000299228183697627,0.000208121842132362,0.000289570283896457,0.000314144624800829,0.000316521919644739,0.000358546575053106,0.000335038378118718,0.000260697680027932,0.0003308128537045,0.000301204100883377,0.000258309762399678,0.000434918291153434,0.000598686925786917,0.000498373843137835,0.000636956931287163,0.00066260477794665,0.000689719499397344,0.000642342419229048,0.000633252892941136,0.000570087372308658,0.00046674647603108,0.000515777123055319,0.000530350767195784,0.000396214445998808,0.000389638740694792,0.000291600620051114,0.000263552253023989,0.000363257015460385,0.000312404546303823,0.000355913006777637,0.000384402779050298,0.000419536216268905,0.000550382329628411,0.000437570947977121,0.000388775899439588,0.000366732463020728,0.000248283479031695,0.000289100129419097,0.000118618334264975,0.000185371805401962,0.000216947951884735,0.000284161196660134,0.00028227205615966
0.000328611995991183,0.000408662022249655,0.000419657574488647,0.000286337411893023,0.000293880243206569,0.000307969284088497,0.000325852677982583,0.000377084145770902,0.000421792840445571,0.000424831434223632,0.00037265881325238,0.000363784646432812,0.000354508771261651,0.000315286679784217,0.000273702769548789,0.000267170367966855,0.000313648800258924,0.00037359373878784,0.000398140565894756,0.000451839390976601,0.000465703249554533,0.000566013103182407,0.000573558266297962,0.000584387699138383,0.00063783495574318,0.0006352969227464,0.000578159649061677,0.000577416000117906,0.00048290970224855,0.000563420928393852,0.000352825014971041,0.000291834686661424,0.000174040548032927,0.000178059476289282,0.000268989518716344,0.000342755469545793,0.000364365747930502,0.00039852634930466,0.000443595568388831,0.0004149222270114,0.000346804617649671,0.000201422660896504,0.000269056190381859,0.000247092929979012,0.00019025829422644,0.000200620763591202,0.000184956103329314,0.000151569980545129,0.000270351533978949,0.000248909686174898
0.000417808060409906,0.000416963468716641,0.000388637814054783,0.000406561954049888,0.000163541426042942,0.000213492761368592,0.000347434215296289,0.000370123600071181,0.000540506831419154,0.000451257468417661,0.000411799544731776,0.000415377700665643,0.000404069926086293,0.000411902416538734,0.000267694709789516,0.000356183239584475,0.00029109460238249,0.000352320529270321,0.000282309460230187,0.000369831034308249,0.000422346837424761,0.000545113937890861,0.000543443890878917,0.000590636827840925,0.00055829781303448,0.000561752749783458,0.000573927489393986,0.000547882313013839,0.000536649761791766,0.000422022531827608,0.000413258067725376,0.00027614193124612,0.00029077923663741,0.000234958044105293,0.000358896812955333,0.000258199238137741,0.000296743925803413,0.000427794309790736,0.000379699560108321,0.000354320131656716,0.000346286988213811,0.000201489537611018,0.000199725735619737,0.000114173753027936,0.00014372323686665,0.000217696700875547,0.000231884265951614,0.000224434711200781,0.000324419005223474,0.000296465146904688
0.000420234706547349,0.000388217777731116,0.000369329103637915,0.000353791168383351,0.000299281012334047,0.000258469378069421,0.0002964316731381,0.000365921289350674,0.000497707733246662,0.000402157781865722,0.00039765096045869,0.000422961082097355,0.000380654834750325,0.000454156616084143,0.000287063085164995,0.000256305732969124,0.000263898798560227,0.00025505243239278,0.000303265776735732,0.000334510638967091,0.000442812399351301,0.000502912751281305,0.000495420362641452,0.000521305584067685,0.000488194485847874,0.000550555555872923,0.000446169617414377,0.000457192301630143,0.000521010509021948,0.000400896440596409,0.000352554271755625,0.000372165302952195,0.000355250714923832,0.000383336070194979,0.00040023698024495,0.000511960073095778,0.000412523292153704,0.000453038757294813,0.000384459549485749,0.000404985090573953,0.000426610997450773,0.00029531522354986,0.000181625600202782,0.000109535770793069,0.000197976812411446,0.000180620383323837,0.000214319217491154,0.000193376272719901,0.000187587386441023,0.000264236965349303
0.00031789341448364,0.000344990097680135,0.000333407634169974,0.000378926463206,0.000374797354314231,0.000341153855933721,0.000294204135979109,0.000380822493614231,0.000339125683216978,0.000352403117197745,0.000345328944211123,0.000457573997882581,0.000455824477450231,0.000383484900465352,0.000325381585553367,0.000202958410209836,0.000218837806684401,0.000257167478092196,0.000334217269859976,0.000492676313210812,0.000573125148231575,0.000592860110999712,0.000548746979633838,0.000497970890411285,0.000495605065257041,0.000389797734492542,0.000269713519684329,0.000373261075183417,0.000385198229937383,0.000422349030937233,0.000416068570970425,0.000498574569632314,0.000510262095656078,0.000520000055486975,0.000599105327644477,0.000689697819426888,0.000630117049988753,0.000555703428324,0.000467185613810379,0.000410301543002403,0.000440021886382394,0.000282585125450388,0.000211542509840672,0.000140002481317129,0.000203368184108338,0.00032054347292952,0.000240325907290115,0.000268897720475678,0.000186853746353569,0.000301608686143772
0.000282057160095463,0.000318757623631908,0.000295637030598894,0.000374336195052651,0.000412878442170795,0.000363661708409652,0.000403836444934033,0.000349994527838971,0.000417314889467345,0.000446048980713507,0.000301260829338237,0.000345407619746041,0.000352782704482707,0.000193858453974311,0.000184994765940281,0.000189123016011114,0.000319067623327824,0.00035745646367174,0.000271028663854692,0.000508328661246172,0.000512390622134399,0.00060586718876184,0.000657046481300486,0.000624749013905298,0.000607513647031887,0.000379928463326528,0.000368678806646303,0.00046944480821124,0.000389186023701697,0.000494476780488347,0.000562137876736523,0.000517795789712973,0.000570483425824981,0.000569126917769676,0.000647802162470445,0.00071499333766784,0.000662146037179527,0.000492298366606007,0.000467107821808566,0.000506613959353044,0.000358797366812212,0.000305177677975746,0.000215905974169854,0.000101914995674911,0.000262284326260079,0.000276215246483929,0.000330398827995081,0.000279561407421301,0.000348674456435342,0.0002967723887575
0.000205774309158456,0.000257782594152198,0.000295787181634493,0.00032417710965962,0.000372965518048168,0.000313583997330703,0.00034020599001066,0.000370454812564877,0.000451979003138352,0.000459614009448361,0.000409893810015078,0.00032841842310962,0.000337259866030433,0.000267742870461125,0.000274347601698435,0.000333150785496148,0.000307550563843111,0.000383529622002422,0.000366587295429853,0.000436132540901261,0.00054893872897248,0.000585230069385376,0.000642158788037022,0.000556513975330283,0.000563503351474291,0.000425000405301648,0.000336598218804808,0.00035198756201742,0.000269798461314864,0.000438450821702888,0.000452797347124024,0.000390345408303512,0.000621844792436462,0.000570156221341873,0.000646039857348585,0.000673643458983595,0.00073704697351268,0.000533404726110336,0.000408474103517003,0.000571151815236669,0.000373364497013515,0.000335517426544664,0.000321029805811101,0.000222055144892478,0.000240567770550408,0.000352157004483237,0.000361111093238648,0.000459981036135914,0.000461055325788458,0.000361691207952143
0.000265910307132338,0.000249028777605069,0.00016072243821536,0.000216620522084761,0.00027162350802882,0.00044187243314274,0.000309331020887151,0.000337043991317444,0.000351412312080636,0.000303543304528569,0.000376309647866714,0.00031722629114594,0.000416306762060687,0.000275561555598683,0.000287192673608906,0.000410792500281325,0.00033690728623524,0.000431439644242965,0.000435910136445023,0.000435295393794575,0.000559089574190219,0.000609574778142971,0.00054086877114417,0.000604791964951831,0.000563865068595595,0.000464262319702528,0.000300366959325717,0.000145082768465889,0.000217656665772089,0.000338890521620839,0.000465398359841707,0.000552408722221876,0.000547148045381359,0.000557335004245842,0.000518224953359912,0.000534871728374544,0.000555974636847933,0.000504852250910091,0.000522780933642973,0.000439121006735006,0.000404395168990166,0.000287560515428903,0.000276375574240582,0.000235612182007002,0.00029457689580613,0.000454959504039778,0.000553048256555178,0.000551504558289386,0.000544595320346934,0.000539073366909743
0.000274493686453399,0.000235098734619559,0.000157002119716824,0.000186314183725917,0.000243947462707833,0.000328278541781425,0.000343075127901675,0.000341090116483907,0.000336233603892563,0.000344231965312648,0.000399153412655767,0.000410399270237882,0.000368517360726674,0.000420135518472445,0.000397010080941281,0.000358577945098162,0.000360561042815277,0.000406180231906289,0.000412302972028795,0.000399871333299518,0.000547692350497209,0.000567375342042304,0.000522626023090494,0.000506540826497755,0.000623024223672501,0.000463541340783786,0.000276911844044225,0.000240344597556013,0.000168383939610769,0.000211483508848552,0.000389662667102314,0.000419977711935055,0.000465318482230123,0.000369894378190573,0.000413005139846144,0.00052388009941456,0.000511915348818261,0.000450734675975812,0.000433833752343179,0.000316294691278683,0.000451056237795851,0.000356948903870946,0.000448532834165098,0.000297946678987025,0.000393994710401443,0.000444406469317221,0.000579928713106526,0.000647687160416657,0.000557427938334358,0.000463832853794852
0.000277410173499086,0.00030592865218495,0.000220159367947245,0.000159869533227162,0.000104230509876399,0.000267441620228966,0.000282465432211212,0.000274860930772705,0.000421743439669173,0.000417508934947716,0.000387127904425855,0.00033585448732832,0.000284866568612869,0.000399014720969043,0.000430012393573379,0.000414761655793175,0.000404728079226991,0.000448045582904491,0.000444716358265731,0.000546912575354521,0.000588330723949112,0.000526932968950663,0.000512847653340382,0.000543760464664489,0.000526148171492804,0.000468117290428222,0.000325851430057368,0.000203343872229442,0.000239856039907848,0.000314638169155044,0.000376111606959231,0.000395158320594077,0.000439610299215155,0.000347027073756621,0.000296099265082999,0.000457968670024553,0.000470168009180632,0.000417244084264791,0.000375212928209955,0.000357678653475068,0.000385942665497403,0.000320002928058614,0.000298788370345194,0.00026974849220554,0.000339749127999211,0.000397656307123185,0.000423181636365007,0.000569208281448654,0.000442849142897296,0.000393571803481111
0.000302035844060097,0.0003015489224338,0.00015692189526384,7.70148116855165e-05,0.000265814743298134,0.000300169881565608,0.0002279958675226,0.000243152242467641,0.000275118962959659,0.000299399406009387,0.000310950783463573,0.000401609892409061,0.000324357398910526,0.000411966740400059,0.000503115669445974,0.000498207925355837,0.000464356790210501,0.000439951074422296,0.000541261634521704,0.000623032699316768,0.000653172287314833,0.000647960192791671,0.000550594444111891,0.000485893608449385,0.000460326887966198,0.000507675427999434,0.000391145724449075,0.000327959846438851,0.000346828838753608,0.000297565470828288,0.000331869047142826,0.000387382658929983,0.000411001271777484,0.000318655010949217,0.000227596282527975,0.000193189932567781,0.000263081043522587,0.000291834889630577,0.000297292400671866,0.000346103480851629,0.000320401803259505,0.000376791231991465,0.000321721790356546,0.000301869693150404,0.000297023752040439,0.000387860427223971,0.000339061924331531,0.000412391510525052,0.000509026984700359,0.000401836021609345
0.000442016123805028,0.000351442723261863,0.000202122367038542,0.000206490361881015,0.000232538134264428,0.000331144625786691,0.00037288977430538,0.00033723864927917,0.000264955544182545,0.000359505855101719,0.000412199494569065,0.000473211287589705,0.000437548952265582,0.000445840607059987,0.000526493574626684,0.000658407076010113,0.000395080862841321,0.000447391193194194,0.000625419978833946,0.000648662063946596,0.000601788513233685,0.000631909300198594,0.000599791543503229,0.000439579752437134,0.000500126173536776,0.000508466960784746,0.000473484627504204,0.000375577763409863,0.000253586103133672,0.000275634569909287,0.000320990432852597,0.000370428499321268,0.000383802819441857,0.000256498892762584,0.000201708853501446,0.000187087167843243,0.000186660015898011,0.000242414273838293,0.000265991791577852,0.000326561208652168,0.000131390353286371,0.00021708210117963,0.000284986630232444,0.00027997173030354,0.000252410070598042,0.000183646421521349,0.000262208836716789,0.000393864124651436,0.000452977603364197,0.000356907934195043
0.000346630562869931,0.000291693631683526,0.000184512768487985,0.000215428671966883,0.000274423536625533,0.000342364160129781,0.00038681951312579,0.000403441542290619,0.000271675379641437,0.000402217321335925,0.000465647972259963,0.000385843125063615,0.000390578032790186,0.000412378354466302,0.000495109004413286,0.000430894543869177,0.000418607795922829,0.000483378240968115,0.000603397664935201,0.000673331745682129,0.000618091811173824,0.000657933342569713,0.000567193527829654,0.000578765278908683,0.000594257616360611,0.000572995605773934,0.000472168795435683,0.000383276333818209,0.000280690316006065,0.000237447889020657,0.000321486665444725,0.000335555001904016,0.000396049481224394,0.000306379782729922,0.000162531677074347,0.000105606049743767,0.000148567487534786,9.59126617159931e-05,0.000259254440411823,0.000185961057876594,0.000175499349481197,0.000226942976684994,0.00022422757084133,0.000236461084174132,0.00018252470729071,2.08363852826972e-05,0.000173515830519942,0.000254884165099833,0.000259357647251636,0.000251458402880405
0.000254967796024115,0.00027921107062067,0.000206888887880016,0.000224738331665622,0.000343364180752998,0.000384523940997923,0.000385426237388797,0.000284219867311342,0.000362477393639211,0.000375646259994745,0.000345600792730101,0.000410952755372977,0.000299300387846593,0.000407305683092133,0.000395215552944011,0.000396892086368841,0.000367152951863151,0.000405798036107673,0.000564849738811238,0.000650611701856099,0.000637747898716941,0.000661534406545038,0.000614185122785938,0.000570648063572086,0.000623644699682258,0.000496637625840927,0.00038377572647317,0.000317756791854242,0.000267957747563771,0.000245658617155746,0.000284495946327957,0.000268512431951192,0.000293419097772666,0.000110345553408037,0.000154787979832837,0.000129198219654455,0.000169240477101554,4.39903161215292e-06,0.000142312942345856,0.000102834742240597,0.000139654745138986,0.000156366514532373,0.000120482175424281,0.000272981378096631,3.36893530434098e-05,8.16831376118808e-05,0.000144450111562021,0.000215384385579018,0.000194623480562275,0.000274711751282802
0.000268762921651933,0.000318889013241363,0.000304967373775719,0.000267929296846258,0.000320508741233503,0.000373941719555885,0.000397209234310885,0.000388851903943822,0.000333393437560691,0.000384735898068383,0.000431921744657984,0.000335853324422804,0.00030520710303649,0.000368849667278173,0.000476205105204349,0.000396619076365505,0.000376499541960343,0.000413971023912977,0.000474660788944198,0.00058493753798123,0.000653920033142374,0.000605530863214592,0.000546636162171173,0.000606745543406782,0.000612534180717348,0.000521730348552684,0.000373309622209876,0.000355146681137911,0.000384378659247796,0.000403045458665119,0.000268448954682693,0.000256084959726507,0.000270928325070491,0.000125227257684472,0.000196036404327599,0.000196502019278201,9.46227570705522e-05,3.93526337922148e-05,4.50396006264237e-05,9.62350611906208e-05,0.000152465051056416,6.15181499511872e-05,0.000198956960561206,0.000295361556410759,0.000236541272450504,0.000192993596531734,0.00032054256142296,0.000325846530153809,0.000339849341772311,0.000324196860152991
0.000335278004828239,0.000225006226522788,0.000211078321764609,0.000216209599564157,0.000370391199465957,0.000411905911383995,0.000451521460445936,0.000426346384987565,0.000410898234839605,0.000416344720671879,0.000368254756885432,0.000417337709636793,0.000356828938709065,0.000322927958338465,0.000395591551479096,0.000379720285689099,0.000447877351315359,0.000585895533802734,0.000570116059719543,0.000650538335673407,0.000630637949498883,0.000624123293914545,0.000628665448395585,0.000680088969186342,0.000612843026103999,0.000577475182338572,0.000400952166917977,0.000367116554144589,0.000413844894056634,0.000476387103754408,0.000380786898005124,0.000328735051673287,0.000395268354469596,0.000303587250831669,0.000127328467963849,0,3.52968015767018e-05,0,5.71286818100094e-05,0.000112600248172158,0.000183668896862265,6.89422708064783e-05,0.000154125601136899,0.000298460148183036,0.000328880899220208,0.000333125154367485,0.00034725443611224,0.00035474694323042,0.000315746589889125,0.000286697239725358
0.000323634611846158,0.000396866876480514,0.00031204625560769,0.000254016227808692,0.000353726429789448,0.000440748561886257,0.000402713989471129,0.000490163431873522,0.000452393313480358,0.0003730186356222,0.000359200937265447,0.000412089481275001,0.000343964236160605,0.000433601701916322,0.000365419975489171,0.000409835107005279,0.000475022417060114,0.000615286833365911,0.000581278536240182,0.00063781615257337,0.000701752719562706,0.000624567804123948,0.000665704037241583,0.000631722036912325,0.000611575230547017,0.00059374683460368,0.000488798893828965,0.00043798868403975,0.00043442416041708,0.000432614886881186,0.000384002417566858,0.00030807020817008,0.000373659652240972,0.000265305669367247,0.000166490097961783,0.000105359100231484,0.000119107250673276,0.000177535298323055,0.000111186678956418,9.7748622886303e-05,1.00202671995935e-05,0,4.07861645578455e-05,0.000147363909574341,0.000253881178954244,0.000413469009966864,0.000426293168725827,0.000383892949710703,0.000241065946262704,0.000311042693764241
0.000433100960891076,0.000412644009171186,0.000380985745131475,0.000334135761726965,0.000359573152500501,0.000474572055270949,0.000462604373809259,0.000486707920784762,0.000440711963802064,0.000540100859270793,0.000443024089739362,0.000380173659561562,0.000325512135822254,0.000397223150411602,0.000490165369603089,0.000438280551645071,0.000483435742191011,0.000601060748965772,0.000710064537753053,0.000693034205580946,0.000712465048921751,0.000645643352604218,0.000701273402381295,0.000731517374002224,0.000602962040017577,0.000672563240767634,0.000556586726117219,0.000513614729912194,0.000487465743617325,0.000415626790688391,0.000444636980464403,0.000364694593995167,0.000270218149254158,0.00022847686520494,0.000247801755345616,0.000158760799138955,0.000168967589696393,0.000159611313154274,5.69785402432079e-05,4.55931853873516e-05,0,0,5.21344337099463e-05,0.000226012967552641,0.000274517922564356,0.000389494848911411,0.000475303983493255,0.000397135783215429,0.000290075414351453,0.000324343479544634
0.000472741875298365,0.000442833012614947,0.000430014096771577,0.000375361802181351,0.000373748433095808,0.000528942418454856,0.000525788091103283,0.000535116783247206,0.000425223157150569,0.000395421179427936,0.000432056589950098,0.000347798561496505,0.000395663577106823,0.000421740158445477,0.000475009629630669,0.000500442302251511,0.000556031825121283,0.000608695212342001,0.000597918539149083,0.000570651609800013,0.000618504795604411,0.000657356758398189,0.000719972857006211,0.000773250041093811,0.000647302506671922,0.00058669933370695,0.00051668944491542,0.000467943969702648,0.000471583765684196,0.00044739118778699,0.000477176876007042,0.00034710257045018,0.000269763273407203,0.000247941638892442,0.000166309665583093,0.00024484517988431,0.000130414961012385,0.000123049402635877,6.1230443654228e-06,1.26099777285371e-05,5.23495458133396e-05,4.72350680843176e-05,0.000113470895742502,0.000181045341831304,0.000277137027445398,0.000451027737580475,0.0004987940776284,0.000396066034371184,0.000321948625144078,0.000223715404136663
0.000463450252484472,0.000513502762758081,0.000522592945862016,0.00046166239177511,0.000462087544424684,0.000492138469957595,0.000473118894037185,0.000391134327252444,0.000381074749472917,0.00035653053422952,0.000379954919826637,0.000444862447709919,0.000399083608330696,0.000473069306200089,0.000397124200400577,0.000347693326540851,0.000435592620350039,0.000483907651814719,0.000570515960557802,0.00065275674354094,0.000734321294990668,0.000735563054821524,0.000792632123241517,0.000760041651687082,0.000750723396351775,0.000727248960910484,0.000528485283287889,0.000475616559225587,0.000407869040347826,0.000436182064480928,0.000404911215166169,0.000425493497038211,0.000313768700838215,0.000301939254813717,0.000196182173665798,0.000213067956901371,0.000253958961539119,0.000251217187241585,0.000157065150598017,0.000103231815162234,5.0973525137698e-05,4.13490198492995e-05,0.000153895710257163,0.000160931860131302,0.000332365573274041,0.000379816837193902,0.000379762017896315,0.000318805844581942,0.000262762388347914,0.000288819673968454
0.000508908634721511,0.0004369744251584,0.000487774240045192,0.000495767811378038,0.000480053455760937,0.000450031091153436,0.000373465785002198,0.000347614237700721,0.000318451310944999,0.000316285749709457,0.00032406172307384,0.000372879538002632,0.000300390890021056,0.000301394702293072,0.000364041125184156,0.000486312602568934,0.000336739933198238,0.000556721198498685,0.000640571051627777,0.000616448070430764,0.000690260862829703,0.000749595411525689,0.000720853054967708,0.0006560877340692,0.000733900256210614,0.000689217285265333,0.000679239002491738,0.000474172398282265,0.000401864568415452,0.00043058462339402,0.000417175613872033,0.000382392192375858,0.000230894725116262,0.000183274353544374,0.000277860466566087,0.000265863457476681,0.000285901043835902,0.000282599084417149,0.000211904410780555,5.97271180470242e-05,9.07786958387235e-06,0.000113634308708407,0.000164187863898485,0.000176476834511258,0.00030656987813675,0.000333182770418885,0.000345568476118086,0.000229324866282236,0.000211942582407963,0.00020461276267191
0.000469177851585021,0.000466498302918715,0.000522011782118476,0.000496941625574213,0.000465669102327672,0.0005154961931785,0.000360419160533743,0.000330072422334633,0.000337569643496892,0.000301098077615019,0.000392877545823699,0.000266553327177754,0.000305288228497198,0.000378921733609066,0.000377079594173235,0.00053921515645136,0.000462802094469657,0.000550190372473762,0.00061533274599733,0.000609463292394732,0.000752605574574535,0.000702608149963685,0.000621630237938076,0.000644791317593586,0.000680751167205265,0.000681898127265547,0.000632560243001475,0.000482884830772215,0.000400659090479338,0.000365665463391263,0.000362511895992275,0.000400927735875328,0.000267173532553552,0.000303773425101048,0.000315208530572724,0.000233142750299497,0.000223316785785698,0.00016997291257419,7.51654048922896e-05,3.36957261138805e-05,4.09254132944985e-05,0.000139000995532258,0.000103878490755292,0.000259846790172742,0.000288050699044171,0.000351918766781758,0.000271438729716519,0.000286850493640687,0.000221817699537539,0.000150685894624907
0.000495253896171097,0.000473139214095383,0.000478128326239618,0.000399511235627833,0.000409149135506854,0.0004925549451339,0.000453318335846355,0.000355538183810512,0.00035788672210594,0.000374547328135439,0.000424207013417787,0.000289372774920974,0.000292160824696342,0.000331970513583504,0.000403498983321573,0.000520276205209774,0.000493421591921353,0.000604127152349588,0.000673310412441898,0.000637761676268555,0.000598067610898364,0.000689172090193154,0.000562984956820252,0.000571083446887899,0.000711614007869781,0.000764936140964754,0.000598870723676533,0.000623602496584142,0.000416035696307254,0.000353731646935771,0.000292821855788061,0.000350636863464543,0.000318273815520381,0.000337711386831792,0.000280371249085833,0.000255030008013202,0.000252311558869289,0.000156466135611746,0.000122128699109891,0.00011123927906711,3.11415318202986e-05,8.7049590545616e-05,0.000171190472655752,0.000273753112150801,0.000354890082395593,0.000335805249124998,0.000264587660337704,0.000314139319535254,0.000215738051504053,0.000145277946441722
0.000551374378263094,0.000528354692316363,0.000516248076299914,0.000430452422862063,0.000364069526351749,0.000439451623328105,0.000368196394032874,0.000350467422996024,0.00032625594794419,0.000410959967415328,0.00052092758391063,0.000369041727785455,0.000389095740478681,0.000473996226530986,0.000434271333640299,0.000492153204498566,0.000538598134790192,0.000625849056658197,0.00059335975137944,0.000634483639348426,0.000637962752630868,0.000664103457276223,0.00055007295409392,0.000541749769532543,0.000616712459924621,0.000652818465575299,0.000525875664981209,0.000507534680885159,0.000407405943321228,0.000319029032160188,0.000367979244505751,0.000421186294581439,0.000423279910037787,0.000365480200452677,0.000320757074627849,0.000221970691300174,0.000270221391326147,0.00024277698073732,0.000225541254622377,0.000283216765013653,0.000196413994760515,5.94276863853598e-05,0.000167229515977074,0.00025213899334045,0.000263329266153307,0.000284565334579235,0.000201825527869773,0.000136214471163085,0.000176090762856618,0.000162090828589887
0.000484776303813343,0.000453842766205552,0.000566570220573418,0.000355969329162576,0.000352006578896151,0.000310825585701086,0.00032052386064871,0.000297767975608885,0.000280955866663826,0.00033274033728231,0.000377839042152885,0.00035445556299059,0.000410870491099394,0.000460669402531726,0.000474059476270106,0.000470267041859457,0.000488537103642543,0.000567637391155272,0.000587820950519922,0.000534790325270902,0.000592581212710623,0.000446211678302611,0.000419579068830577,0.000532938388144354,0.000589377520939681,0.000606580149428683,0.000605276693813022,0.000487548602984247,0.000403630318851213,0.000380093557087642,0.000448904307598774,0.000533479814077851,0.000600209157443697,0.000484875550620361,0.000443099184471065,0.000362235370364668,0.000355360018775892,0.000236430532045561,0.000211176820824259,0.000344460256072281,0.000255411257953726,0.000194124551250172,0.000338590771777788,0.00025389430557557,0.000231851423618836,0.000120611012256403,0.000176289088446526,9.86641191840925e-05,6.32952529523842e-05,0.00010655935106549
0.000546273111884507,0.000564561647805692,0.000443937427169648,0.000360935343289808,0.000341500526826476,0.000264822386270933,0.000307938996449605,0.000365368443460327,0.000314032569605449,0.000379571031108361,0.000387322871866053,0.000404569765433072,0.000389207804295765,0.000504260524585208,0.000550024292786811,0.000615661208214611,0.000604830237080255,0.000536360594108676,0.000538277791837013,0.000587660865734934,0.000524813264250939,0.000569508830293479,0.000564802221080018,0.00051080674681096,0.000608159243501922,0.000619201312602737,0.000650286420481598,0.000565480582517094,0.000377200536178737,0.000326433317032164,0.000433862314958258,0.000415457294436534,0.000479503263335106,0.000433136898355614,0.000505057964783979,0.000338019259659046,0.000388040887115693,0.000408501768673997,0.000242385869415806,0.000261900847053555,0.000237681748282684,0.00021691166394735,0.000281513449653935,0.000252915745658714,9.41937869167173e-05,0.000135527141578165,0.000110946013698063,0.000192374536399365,6.14225551987708e-05,0.000150860885492608
0.000651268696899703,0.000577787710313099,0.000462583700346081,0.000420999519680695,0.000265780284799984,0.00029505210740971,0.000418041720257958,0.00040640302395091,0.00042340006490505,0.000425918678496927,0.00039448849035639,0.000426457816862186,0.000475724497813967,0.000503883948322455,0.000528114474591636,0.000631563585741742,0.000587798533274626,0.0005714380551735,0.000458063987131594,0.000475768443309791,0.000474305458951954,0.000644389388309215,0.000536017444396922,0.000710157530577694,0.000663120557388244,0.000615131001065728,0.000594654403015473,0.000483925439917198,0.000516832522515668,0.000404907657462567,0.000387521490725067,0.000466169877545765,0.000464657712074249,0.000437579164319195,0.000472975245443436,0.00055797760926506,0.000424267601225476,0.000394839264450532,0.000283964190387929,0.000180060527843024,0.00015418333310845,0.000300700998176197,0.000274430356529882,0.000209405146752999,0.000135387525843314,0.000123881353661846,0.000206230053804948,7.23506285404726e-05,0,4.70122935194286e-05
0.000601085924880001,0.00052659676210746,0.000476886754470165,0.000459302901144405,0.000412901078640297,0.000307863847767538,0.000430874647427766,0.000428340549934272,0.00048186557129737,0.000500196289917515,0.000490885432800079,0.000561631983316441,0.000540673828560054,0.000586687854927728,0.000593331129442682,0.000640042988163723,0.000679624318174876,0.000695822382432695,0.000608187490301449,0.000665441536977616,0.000605111809671821,0.000681140114187994,0.000669184911709554,0.000602242678709676,0.000643127435193588,0.000505988997401558,0.00034935096009257,0.000448846080885904,0.000349747387107769,0.000338206160663515,0.000386934474304874,0.000394822402478555,0.00042699458180224,0.000473714966734926,0.000388249937572585,0.000493304686537412,0.000416671583140601,0.000288616163598796,0.0001775254521388,4.31271295035686e-05,0.00020586064395812,0.000215097925089737,0.000133981106510185,0.000243801141532399,0.000259500757505302,0.000239195289527221,0.00024069679252267,6.80723896922078e-05,3.66374327474793e-05,2.62465086384003e-05
0.000474471222211103,0.000570721848755623,0.000431327536506719,0.000374623499686518,0.000435562155582028,0.000519334019382047,0.000454878557641216,0.000589460797136598,0.000664683521403405,0.000662300162259146,0.000777869624631965,0.000701155145509889,0.000619728112023253,0.000650119159388417,0.000650672862318209,0.000746609015035283,0.000822774078099691,0.000753708052055425,0.000734902790689577,0.000703304753493689,0.000600032242199335,0.000639610097518676,0.000605977335367363,0.000595403346419157,0.000516830669019141,0.000488973717820997,0.000431762436508913,0.000395583071343668,0.000382116425465023,0.000495635829001131,0.000377205386776891,0.000373579259128394,0.00036087500953779,0.000413548275824282,0.000417209338726739,0.000462592415578207,0.000469795021386522,0.000352888837722486,0.00026055610299277,0.000122056452508765,0.000136644876656257,0.000225891873080389,0.00023465086649351,0.000245998131908814,0.00016785850991563,0.000196220700988571,0.000234671781253479,9.95178900601483e-05,1.72800471270518e-05,0.000150385645997692
0.000456322439019723,0.000426140870434101,0.000448482431973466,0.00042854659407402,0.000440464398576985,0.000505195903263796,0.000588305241499669,0.000574352262507221,0.000629769247099021,0.000721167100750841,0.000798871022566835,0.000676784778958038,0.00064200191591724,0.00072556027465143,0.000717019764234246,0.000750079949023509,0.000848470082352004,0.000806510363342456,0.00078687530529131,0.000803266560300092,0.000667909910506649,0.00064878470649058,0.000710698012792628,0.000687930944943382,0.000521695536837222,0.000486712653307843,0.000476164338186959,0.00035929447220941,0.000404925963359131,0.000379178953306243,0.000317482001705986,0.000340044449987877,0.000315229545467874,0.000293485707063588,0.000490896851523919,0.000508346207998419,0.00045675221477904,0.000332994841695467,0.000194707165698012,0.00018757373594533,0.000166612962382751,0.000197190993700483,0.000342561506781696,0.000294501902040465,0.000257902474774372,0.000243432122172768,0.000221194991781821,0.000163814734339153,6.23742317629578e-05,5.83969541204438e-05
0.000408384077125592,0.000457950779373557,0.000476586638092047,0.000470902321467034,0.000505206659841024,0.000583552169286224,0.000600959288263816,0.00071367241261584,0.000657161420039683,0.000704107787637074,0.000707162373619067,0.000695746166037662,0.000712909225469509,0.000787821409693236,0.00070275734930699,0.000696061125128587,0.000713847555176404,0.000747071964729199,0.000710029662058492,0.000887312419863783,0.000880141463355679,0.000763517494806656,0.000834839766285256,0.000718174213791485,0.000711871919991739,0.000624436978120698,0.000557728307838749,0.000542601902938122,0.00046930251673481,0.000389085198028723,0.000366094901552961,0.00034922972736391,0.000309997283097676,0.000488393662159406,0.000491093829347974,0.000511778310987507,0.000475141634094634,0.000399125875442335,0.000222129555257237,0.000124111406741704,0.000196357316367624,0.000294570667981725,0.000234100031774232,0.000251473369839204,0.000303294730855391,0.000260319365921942,0.00027469225470563,0.000237101799530176,0.000148035119304717,9.90971156373463e-05
0.000337969860040584,0.000366260039342271,0.000492407206004675,0.000548859443311465,0.000471119865624707,0.00053696665781057,0.000603061081260111,0.000673136612926713,0.000659542063923688,0.00061795706912578,0.000648775848061413,0.000683950691623325,0.000829203566903416,0.000856342828826662,0.000765799892038746,0.000747478937990574,0.000793550282596175,0.000844816408035316,0.000779057366243807,0.000851485340030914,0.000745482486317248,0.000735352351076881,0.000733713134981701,0.000838669922329976,0.000725939199375774,0.000697904776662853,0.00060691536403907,0.000614524807692161,0.000559424059241077,0.000506288352893345,0.000415094271557788,0.000441983325031365,0.000535471282312243,0.000468868419018988,0.000555564689025525,0.000416490990127631,0.000326610590573212,0.00030060780592065,0.00019208038609947,9.10860150083817e-05,0.000192317453044924,0.000266170036393395,0.000183888478294229,0.000280391191729048,0.00025126389890313,0.000265834316136645,0.000254104988591005,0.00029280807248818,0.000306200622454851,0.000111660001479903
0.000349739031961831,0.000457276864885113,0.00057707443973947,0.000600856546643236,0.000526179287254209,0.000511473711471427,0.00058791790810138,0.000632442928160466,0.000580809681884937,0.000609719351685419,0.000626712321370063,0.00067476541909126,0.000900672519054314,0.000799013371815497,0.000768218352787314,0.000719079078498044,0.000754229216049277,0.000725791950594252,0.000833831815175168,0.00080969755688807,0.000710329431817515,0.000720718731525073,0.000760710724044119,0.000753057069618722,0.000730332748939466,0.00075089792334873,0.000725521549623983,0.000688855039433886,0.000619572541121071,0.000488638686809612,0.000454698856844256,0.00050142389108977,0.000536698841470216,0.000486913221493424,0.00041173532255358,0.00028563498473579,0.000269791808585561,0.000272464727607912,0.000184344387155816,0.00012431364232176,0.000136949021829871,0.000188334755250784,0.000196945168219769,0.000248963829803736,9.81733347772124e-05,9.76656431046036e-05,0.000110041800015846,0.000176971545105612,0.000185410076920873,0.000129517980223415
0.000474919128066273,0.000380532883467931,0.000530127428836734,0.000521934215032463,0.000527261979184938,0.000567374692924967,0.000603447917422258,0.000642426720417915,0.000684296904231838,0.000653723448306545,0.000672229292912597,0.000600713289186927,0.000700360474851626,0.00064856646077221,0.00074091112066001,0.000613544285092852,0.000585048516520691,0.000754528264746627,0.000883403655016273,0.000831909908164933,0.000812970948630779,0.00083555372399379,0.000746909072928381,0.000791986294317528,0.000691295662214399,0.00076145973875617,0.000791287178765107,0.000635158188213891,0.0005508341046969,0.000549925671354949,0.000560808111540075,0.000596697855463551,0.000474460906046557,0.000543460178026587,0.000354252574217616,0.000330195007211425,0.000216691252450496,0.000215796971485923,0.0001382151195443,0.000134932616784394,3.38265691861906e-05,5.65425235957326e-05,0.000134276032425339,0.000173038134379405,0.000150219585071527,8.91311731012315e-05,2.46066308703553e-05,0.000180288519054649,0.000256632064755651,0.000113049231576091
0.000331509495133107,0.00029960189575384,0.000507181698394984,0.000660134271570697,0.000632816010229383,0.00063873290050659,0.000588898327441871,0.000570380970475983,0.000584691261450809,0.000576038398570828,0.000621974128652475,0.000587874595123391,0.000634828429183151,0.000693075068374338,0.000681228692024439,0.000643472017899913,0.000669246162204979,0.000758835660391413,0.000795634989082907,0.000793124134133145,0.000882997188911146,0.000793544391298833,0.00085651339127157,0.000856095419111888,0.000754617117380144,0.00071596280425597,0.000636200982360747,0.000697038862976717,0.000575207479208774,0.000499945082471964,0.000502077882773842,0.000464385650940855,0.000408296831222912,0.000495455567319937,0.000223009598216347,0.000271247498216492,0.000302798555275604,0.0001970884026535,9.96064922475665e-05,0,0,0,0.000102740902109226,0.000102240973735505,0.000134864576868693,9.94690261720583e-05,1.67091957308847e-06,0.000181497733948132,0.00018137309288931,0.000141755952657812
0.000350184451008491,0.000243532541152062,0.000420945154426647,0.000565031820725932,0.000595534672245399,0.000547325214660274,0.000475806758415458,0.000503898502892429,0.000450255589242414,0.000587313335561915,0.00063210669178771,0.000527566769714926,0.000679498099721938,0.00061351376079805,0.000738948814867993,0.000672283660668257,0.000621043254015812,0.000706092414055103,0.000775580033535969,0.000684689693106993,0.000801917843257483,0.000828087206692711,0.000724229781171104,0.000615431163742182,0.000783598249795776,0.000716966797196701,0.000619925350837889,0.000697770872383105,0.000644877643763041,0.000589638968147879,0.000610342140323617,0.000544417901235688,0.000431052352286908,0.00030223453909169,0.00024488361594324,0.000221389982907408,0.000140466231952115,0.000109626221411845,0.000130357242299804,0,0,0,1.65377441766055e-05,5.91886012168214e-05,0.000154628623956563,2.33875849221198e-05,6.54612507318275e-05,0.000228078319318969,0.000190740958241276,0.000116540227765805
0.00038685186206621,0.000447733635059248,0.000540113052142935,0.000418282654539149,0.000484857710675277,0.000383802539827742,0.000401710399046904,0.000395144100726988,0.000376556700812387,0.000567256988826642,0.000608056711482554,0.00055368154702573,0.000681068130069837,0.000673125862011241,0.000604652018599019,0.000586907683018312,0.00058121879470686,0.000763619112984144,0.000812954479466461,0.000834589271428504,0.000929179582392446,0.000908868506809226,0.000690667251432574,0.000611227691959498,0.000681754445180642,0.000690903677249756,0.000667174076996796,0.000663843469246634,0.00065217592068035,0.000471128448100506,0.000514617584349361,0.000541351747597265,0.000453988765652734,0.000309236010991806,0.000239231510315551,0.000216185993741689,0.000217884904048368,0.000208774450710169,0.000155963467104735,0,0,0,0,2.82732696261632e-05,0.00013168215814303,7.06725057766e-05,0.000119715450214324,0.000159186336985104,0.000255540564843111,0.000107583327217751
0.000280866262495978,0.000426994537598835,0.000352983709844175,0.000376183875286931,0.000362119391079758,0.000233217039946249,0.000322356476603035,0.000310746764593786,0.000281367821295075,0.000415062278605935,0.000597700674994657,0.000563211492324091,0.000628833903006294,0.000556860946644237,0.00053492096368017,0.000541615025170928,0.00060526121019452,0.000792667604838623,0.000866153590956491,0.000901316384642679,0.000921718784527557,0.000948456973751222,0.000690253463748818,0.000696081902037658,0.000635003104500703,0.000696835114281985,0.000720612403630269,0.000578140909721907,0.000532675224856304,0.000488225155256725,0.000434495208847852,0.000514401090620971,0.00032749653843579,0.000253844774301408,0.000232219642719614,0.000197594916280198,0.000282712961534709,0.000253834961097722,0.000175889071791899,0.000103721472186116,3.23636453186775e-05,0,3.90848536921204e-06,0.000160173664570804,0.00013349680925553,0.000179711234109713,2.85771139976884e-05,9.22461119814465e-05,0.00013766538002082,0.000131031788560373
0.000346013134929186,0.000304413099400175,0.000283735916322547,0.000244703174033391,0.000123555129183372,0.000312607724191872,0.00021942545450882,0.00023511419575428,0.00026982260501423,0.000397285831171648,0.000522252715708633,0.000525221204857166,0.000525498872345183,0.000542619861925189,0.000548955347212617,0.000641179783330167,0.000652461120059492,0.000806454692806546,0.000806104973148814,0.000878003748684189,0.000947786027395107,0.000855935046125449,0.000722434437162453,0.000620417192648357,0.000660919672123326,0.00063245015130082,0.000668848046003492,0.000648681684349058,0.000519527306327899,0.000496837054567558,0.000332869840993018,0.000355280293431277,0.000258780666461008,0.000248636143616047,0.000170123997634699,0.000190414625779025,0.000189873869943187,0.000288967337207713,0.000274607620174405,6.55608615785806e-05,4.00544175491119e-05,8.22385816725055e-06,5.23005433901609e-05,0.000103524136016702,0.000126704329166601,0.000137431613488764,7.87168087320101e-05,8.90281614209467e-05,7.16046726796412e-05,0.000119697054825976
0.000280574966600653,0.000264147447845264,0.000208206587811338,0.000213575399405384,0.000155860243781311,0.000271927599591784,0.000296451130963019,0.000291146991207944,0.000261436856658244,0.000397456143617417,0.000473290781477486,0.000481124770384833,0.000444468807127978,0.000556818531188429,0.000524266717280436,0.000557674207853145,0.000651908421225521,0.000732198203455784,0.000871055191372199,0.00089750160095273,0.000917314116471125,0.000828019934374687,0.000719520807143968,0.000698881813090264,0.000688696401255868,0.000597847016178634,0.000646726450199523,0.000691594570614419,0.000566671063541569,0.000446294123122698,0.000359059061332014,0.000386089602023959,0.000373784430914482,0.00031720475595653,0.000242130823120131,0.000286903098411813,0.000283258380827936,0.000297867403959256,0.000269893210010923,0.000203747455032573,0,0,3.12070362336871e-05,9.08537059197456e-05,0.000140308282767503,0.000161597301178383,0.000141117093285352,0.000189370277986523,0.000179584489237094,8.64736105884625e-05
0.000260533890080388,0.000244027749383391,0.000151203575799626,5.92617783181619e-05,0.000169628130419638,0.000246893029948775,0.000378320632167964,0.000236133782647624,0.000264568257701082,0.00033033688220459,0.000352954170577964,0.000477089958297437,0.000440067285690116,0.000490026476164489,0.000574139763928085,0.000553985879645562,0.000632627710757544,0.000794140083832295,0.000832217065766998,0.000807595036402895,0.000874592097731682,0.000719374001671495,0.00078088828705388,0.000772229205402648,0.000711943622884538,0.000689217759834496,0.000712612661369734,0.000695771351497633,0.000522523118289633,0.000482617471596889,0.000392889787868021,0.000306240209584891,0.000303680623569724,0.000301863486633703,0.000313071851835865,0.000309969371594193,0.00028258758207785,0.000314424713161657,0.000375230013208141,0.000282552705133633,9.26779132824451e-05,5.30034124658433e-05,0.000141877150076081,0.000145178585517243,0.000317824408553399,0.000198049623303663,0.000228246085525907,0.00021636152397672,0.000222151838331708,0.000133185016997058
0.00021709430205027,0.000253942924280141,0.000222719232895678,0.000266066967989944,0.00031556807943946,0.000196559278514876,0.000290787625656447,0.000346934101559105,0.000310277085405745,0.000255402630853426,0.000352830715022781,0.000433550789085361,0.000520256113244331,0.000310773150962606,0.000397896157983984,0.000499787649919299,0.000578919374632558,0.000535587566152407,0.000734143965821519,0.000783962936493395,0.00086404265346052,0.000956624216497467,0.000870031270891389,0.00080794793653327,0.000719214390583543,0.000740284820770752,0.00074108346015856,0.000638644212745203,0.000519290245252015,0.000400512731823382,0.000430109656643008,0.000286069173324715,0.000293177823179716,0.000284107090380143,0.000213727388942232,0.000302299980346603,0.000180225943355851,0.000232463759588566,0.000269741794310358,0.000307827981012893,0.000178232237312067,0.000113587612400662,0.000229888380704743,0.00023760509902354,0.000299183396965194,0.000284639444977708,0.000347058259190556,0.00021847807910357,0.000212085805420187,0.00014857030040355
0.000309223885059824,0.000195007709159314,0.000206747589010438,0.000367563318507547,0.000353456832662853,0.000344979188146655,0.000358680733380728,0.000410909553399863,0.000351748466764549,0.000195108532284478,0.000301303544479138,0.00040047676705227,0.000437699594156201,0.000296491771913407,0.000300040637794111,0.000365782787009714,0.000530673078106043,0.000638363251683451,0.000624933361314481,0.000657940329090243,0.000773985981524179,0.000817915362044443,0.000883015108752347,0.000840398733968167,0.000733041215872086,0.000800057293106729,0.000817110784821883,0.000793753974923904,0.000600253599432501,0.000414258939073189,0.000398558717395525,0.000378631278947659,0.000369026219585183,0.000347661266339529,0.000269337420748792,0.00024497212098248,0.000178622384821831,0.000161968415960626,0.000284976071954737,0.000296189980789831,0.000235017487379856,0.000252457792290254,0.000274485756726804,0.000279354944211674,0.000312413957503244,0.000320995973761948,0.000276291089970221,0.000149227595804288,0.000178802696484803,8.28062661731427e-05
0.000262735976601103,0.000245962853966761,0.000295367542575293,0.000308253831395454,0.000342792355941503,0.000369713633364738,0.000301221464442354,0.000339816515774057,0.000232894440755351,0.000107100969921077,0.000219262304607013,0.000326943471824378,0.000336601571804097,0.000357413118363933,0.000403743012492937,0.000394022594287054,0.000573761946928804,0.000636797532285191,0.000655686999948218,0.000685092934074288,0.000788923174113506,0.000828794792531773,0.000854085400286549,0.000840577291097655,0.000778765801004264,0.000802427971884031,0.000773171418595029,0.000707576745094406,0.000493761090276743,0.000324162661819272,0.000328290898536562,0.000345423583570981,0.000366495248832182,0.000393511712673711,0.000285199205453255,0.000297033997065519,0.000221350754246799,0.000237705918876246,0.000209824577489521,0.000231603975924865,3.65572769380495e-06,0.0001144289397773,0.000308412265661865,0.000279989649416949,0.000213187948102671,0.000126422979498312,0.000173190894796017,0.000123064394315291,0.000100185240271974,0.000218300892232019
0.000283145943793573,0.000318610773898265,0.000382455890013249,0.000367182155091918,0.000455534613361795,0.000329760752231686,0.000318379090562634,0.000269406959930556,0.000195432244110352,0.000139420454263594,0.000123735303274325,0.000254317233233506,0.000326259090264287,0.000336815589555647,0.000446983935396509,0.000468935673857225,0.000597858665725929,0.000585962207170118,0.000641583248903802,0.000771632890787846,0.000755819820753228,0.000839921213681791,0.000864495685784455,0.00085918723948049,0.000843049110413188,0.000867616673139561,0.000704992038296093,0.000657410657579375,0.000505881320153463,0.000419862366756092,0.000343039246438095,0.000297942386157913,0.000327128250944411,0.000443860049671377,0.000291188701353446,0.000355769455194124,0.000319456426588809,0.000237370358745773,0.000145287164304379,4.52009047583085e-05,6.4840769426758e-06,8.69089418882666e-05,0.000260803036267303,0.000194283155320374,7.51532621378466e-05,6.51363201339813e-05,0.000131725207242265,8.03345608296503e-05,0,0.000117457611343693
0.000251195985313313,0.000258500827649833,0.000299373480286101,0.000360016352629393,0.00024072003306606,0.000259915371031458,0.000317704121118008,0.000190984778657943,0.000185464960555865,0.000180692847178108,0.000130225052546835,0.000315766870848189,0.000258983698380606,0.000351456566044931,0.000450832399190381,0.000561343569758242,0.000494049340319095,0.000651278761610754,0.000741226084016232,0.000730961820331245,0.000851249095457651,0.000857976186157121,0.00088492253921689,0.00082514954435584,0.000907430062662435,0.000859942862965441,0.000720420130689634,0.000664937124443038,0.0006002676931179,0.000326120827293222,0.000250193499897751,0.000314943916933718,0.000326574965156208,0.000377429668410411,0.00026052335020719,0.000392700617037114,0.00031368357015922,0.000224659600861756,1.78897827243943e-05,0,0,3.80579523157997e-05,0.000160220964125123,0.000252922790823408,0.000141898589589926,0.000115204525963415,7.68717016515158e-05,1.74521038465034e-05,0,5.84888447980358e-05
0.000275768758060903,0.000294694367712887,0.00031238443974446,0.000373844948799687,0.000181533739972195,0.000253307412227053,0.000254548562345558,0.000295322726267667,0.000198903278514392,0.000136060461585787,4.91241260793833e-05,0.000287467064625576,0.000268382523174447,0.000416441864008918,0.00051730267226743,0.000556230178809579,0.000625151349042481,0.000693608502156322,0.000681619163825855,0.000729784942139762,0.000824532634630704,0.000836234781940764,0.000881474714886815,0.000943997486826043,0.000897377331744662,0.000856624403467767,0.000742131705733339,0.000682937871687272,0.000474707427157415,0.000499189016787953,0.000341126412668108,0.000307224547152316,0.000324252784343446,0.00036934859698532,0.000341206799152995,0.000385440737581146,0.000360030057380578,0.000188121043097782,8.72198800505994e-05,0,0,1.66390160435848e-05,0.000165705634992637,0.000193629610557669,0.000188620873007297,0.000154041420656236,0.000154411229243084,8.19643882624594e-05,0,0
0.00039106648089285,0.000404280892397104,0.00027299812386374,0.000277387053112517,0.000237863065120801,0.000217897417955499,0.000300817477859708,0.000397181768025039,0.000237428363698183,0.000194709678603722,0.000177884925676528,0.00039948166182973,0.000400141496725925,0.000412309012729244,0.000492355275545253,0.000478763920730787,0.000529949335399888,0.000736057223209902,0.000764661271321353,0.000689154241736429,0.000729770573743802,0.000722689621228624,0.000842886946838467,0.000951556629593795,0.00095720881684432,0.000915342375764741,0.000756531473966263,0.000625355679397149,0.000554086418666363,0.00045687925214179,0.000355406199442273,0.000346141611331544,0.0002435524207403,0.000276182428500774,0.000231725676197156,0.000301473416998888,0.000207444194451982,0.000177987540389096,0.000113445487112958,9.95080094856611e-05,0.000116829348280239,0.000252513996411439,0.000171945052067435,0.000222214399245169,0.000205158990148662,0.000149433417856516,0.0001619902004749,0.000132983432780161,0,0
